10 10
0 1
res/sprites/baby.png
3 4 1.0
res/sprites/flag.png
5 1 1.0
res/sprites/candy.png
15 11 1.0
31 0 31 1 31 2 31 3 31 4 31 5 31 6 31 7 31 8 31 9 31 10 31 11 31 12 31 13 31 14 31 15 31 16 31 17 31 18 31 19
31 0 31 1 31 2 31 3 31 4 31 5 31 6 31 7 31 8 31 9 31 10 31 11 31 12 31 13 31 14 31 15 31 16 31 17 31 18 31 19
31 0 31 1 31 2 31 3 31 4 31 5 31 6 31 7 31 8 31 9 31 10 31 11 31 12 31 13 31 14 31 15 31 16 31 17 31 18 31 19
16 0 16 1 16 2 16 3 16 4 16 5 16 6 16 7 16 8 16 9 16 10 16 11 16 12 16 13 16 14 16 15 16 16 16 17 16 18 16 19
###
3 5 0.9
6 8 0.9
0 2 0.75
0 2 2.0
