10 10
0 1
res/sprites/young.png
4 6 1.0
res/sprites/flag.png
5 1 1.0
res/sprites/city.png
13 4 1.0
32 0 33 1 34 2 32 3 33 4 34 5 32 6 33 7 34 8 32 9 33 10 34 11 32 12 33 13 34 14 32 15 33 16 34 17 32 18 33 19 34 20
19 0 20 1 21 2 19 3 20 4 21 5 19 6 20 7 21 8 19 9 20 10 21 11 19 12 20 13 21 14 19 15 20 16 21 17 19 18 20 19 21 20
6 0 7 1 8 2 6 3 7 4 8 5 6 6 7 7 8 8 6 9 7 10 8 11 6 12 7 13 8 14 6 15 7 16 8 17 6 18 7 19 8 20
1 0 1 1 1 2 1 3 1 4 1 5 1 6 1 7 1 8 1 9 1 10 1 11 1 12 1 13 1 14 1 15 1 16 1 17 1 18 1 19 1 20
###
0 5 0.9
8 11 0.9
32 36 0.75
32 36 2.0