10 10
0 0
res/sprites/middle_aged.png
8 6 1.0
res/sprites/flag.png
5 1 1.0
res/sprites/ground.png
10 4 1.0
11 0 11 1 11 2 11 3 11 4 11 5 11 6 11 7 11 8 11 9 11 10 11 11 11 12 11 13 11 14 11 15 11 16 11 17 11 18 11 19
11 0 11 1 11 2 11 3 11 4 11 5 11 6 11 7 11 8 11 9 11 10 11 11 11 12 11 13 11 14 11 15 11 16 11 17 11 18 11 19
11 0 11 1 11 2 11 3 11 4 11 5 11 6 11 7 11 8 11 9 11 10 11 11 11 12 11 13 11 14 11 15 11 16 11 17 11 18 11 19
1 0 1 1 1 2 1 3 1 4 1 5 1 6 1 7 1 8 1 9 1 10 1 1 1 12 1 13 1 14 1 15 1 16 1 17 1 18 1 19
1 0 1 1 1 2
###
8 15 0.9
0 7 0.9
32 36 0.75
16 17 2.0